[gd_scene load_steps=14 format=2]

[ext_resource path="res://characters/enemies/raw_assets/birdmonster/birdmonster.glb" type="PackedScene" id=1]
[ext_resource path="res://characters/enemies/Monster.gd" type="Script" id=2]
[ext_resource path="res://characters/Hitbox.tscn" type="PackedScene" id=3]
[ext_resource path="res://characters/HealthManager.tscn" type="PackedScene" id=4]
[ext_resource path="res://characters/CharacterMover.tscn" type="PackedScene" id=5]
[ext_resource path="res://weapons/DamageArea.tscn" type="PackedScene" id=6]
[ext_resource path="res://characters/enemies/AimAtObject.gd" type="Script" id=7]

[sub_resource type="CapsuleShape" id=1]
radius = 0.4

[sub_resource type="CapsuleShape" id=2]
radius = 0.0632815
height = 0.436642

[sub_resource type="CapsuleShape" id=3]
radius = 0.0349166
height = 0.453867

[sub_resource type="BoxShape" id=4]
extents = Vector3( 0.15723, 0.123563, 0.126723 )

[sub_resource type="BoxShape" id=5]
extents = Vector3( 0.183546, 0.123563, 0.293373 )

[sub_resource type="SphereShape" id=6]
radius = 0.0965062

[node name="BirdMonster" type="KinematicBody"]
collision_layer = 2147483650
collision_mask = 3
script = ExtResource( 2 )
attack_rate = 1.0

[node name="CollisionShape" type="CollisionShape" parent="."]
transform = Transform( 1, 0, 0, 0, -1.62921e-07, 1, 0, -1, -1.62921e-07, 0, 0.974927, 0 )
shape = SubResource( 1 )

[node name="Graphics" parent="." instance=ExtResource( 1 )]

[node name="Arm_UL" type="BoneAttachment" parent="Graphics/Armature/Skeleton" index="1"]
transform = Transform( -0.762323, 0.647196, 8.20133e-07, -0.52914, -0.623267, 0.575803, 0.372658, 0.438947, 0.817589, 0.176714, 1.48577, -0.135291 )
bone_name = "upper_arml"

[node name="Hitbox" parent="Graphics/Armature/Skeleton/Arm_UL" instance=ExtResource( 3 )]

[node name="CollisionShape" type="CollisionShape" parent="Graphics/Armature/Skeleton/Arm_UL/Hitbox"]
transform = Transform( 1, 0, -2.98023e-08, -1.49012e-08, -1.19209e-07, -1, -2.98023e-08, 1, -1.19209e-07, -0.00246078, 0.15139, 0.00252563 )
shape = SubResource( 2 )

[node name="Arm_UR" type="BoneAttachment" parent="Graphics/Armature/Skeleton" index="2"]
transform = Transform( -0.762323, -0.647196, -8.04094e-07, 0.52914, -0.623267, 0.575803, -0.372658, 0.438947, 0.817589, -0.176714, 1.48577, -0.135291 )
bone_name = "upper_armr"

[node name="Hitbox" parent="Graphics/Armature/Skeleton/Arm_UR" instance=ExtResource( 3 )]

[node name="CollisionShape" type="CollisionShape" parent="Graphics/Armature/Skeleton/Arm_UR/Hitbox"]
transform = Transform( 1, 0, -2.98023e-08, -1.49012e-08, -1.19209e-07, -1, -2.98023e-08, 1, -1.19209e-07, -0.00246078, 0.15139, 0.00252563 )
shape = SubResource( 2 )

[node name="Leg_UR" type="BoneAttachment" parent="Graphics/Armature/Skeleton" index="3"]
transform = Transform( -0.782998, -0.148381, -0.604045, -0.0548847, -0.950859, 0.304716, -0.619573, 0.271751, 0.736382, -0.131876, 0.936301, 1.36788e-07 )
bone_name = "upperlegr"

[node name="Hitbox" parent="Graphics/Armature/Skeleton/Leg_UR" instance=ExtResource( 3 )]

[node name="CollisionShape" type="CollisionShape" parent="Graphics/Armature/Skeleton/Leg_UR/Hitbox"]
transform = Transform( 1, 0, -2.98023e-08, -1.49012e-08, -1.19209e-07, -1, -2.98023e-08, 1, -1.19209e-07, -0.00246078, 0.15139, 0.00252563 )
shape = SubResource( 2 )

[node name="Leg_UL" type="BoneAttachment" parent="Graphics/Armature/Skeleton" index="4"]
transform = Transform( -0.782999, 0.14838, 0.604046, 0.0548854, -0.95086, 0.304714, 0.619573, 0.271751, 0.736382, 0.131876, 0.936301, 1.36788e-07 )
bone_name = "upperlegl"

[node name="Hitbox" parent="Graphics/Armature/Skeleton/Leg_UL" instance=ExtResource( 3 )]

[node name="CollisionShape" type="CollisionShape" parent="Graphics/Armature/Skeleton/Leg_UL/Hitbox"]
transform = Transform( 1, 0, -2.98023e-08, -1.49012e-08, -1.19209e-07, -1, -2.98023e-08, 1, -1.19209e-07, -0.00246078, 0.15139, 0.00252563 )
shape = SubResource( 2 )

[node name="Leg_LL" type="BoneAttachment" parent="Graphics/Armature/Skeleton" index="5"]
transform = Transform( -0.786345, -0.178843, 0.591314, 0.0264683, -0.966051, -0.256987, 0.617196, -0.186426, 0.76439, 0.193832, 0.539271, 0.113469 )
bone_name = "lowerlegl"

[node name="Hitbox" parent="Graphics/Armature/Skeleton/Leg_LL" instance=ExtResource( 3 )]

[node name="CollisionShape" type="CollisionShape" parent="Graphics/Armature/Skeleton/Leg_LL/Hitbox"]
transform = Transform( 1, 0, -2.98023e-08, -1.49012e-08, -1.19209e-07, -1, -2.98023e-08, 1, -1.19209e-07, -0.00246078, 0.15139, 0.00252563 )
shape = SubResource( 2 )

[node name="Leg_LR" type="BoneAttachment" parent="Graphics/Armature/Skeleton" index="6"]
transform = Transform( -0.786344, 0.178841, -0.591314, -0.0264676, -0.966051, -0.256985, -0.617197, -0.186425, 0.76439, -0.193832, 0.539271, 0.11347 )
bone_name = "lowerlegr"

[node name="Hitbox" parent="Graphics/Armature/Skeleton/Leg_LR" instance=ExtResource( 3 )]

[node name="CollisionShape" type="CollisionShape" parent="Graphics/Armature/Skeleton/Leg_LR/Hitbox"]
transform = Transform( 1, 0, -2.98023e-08, -1.49012e-08, -1.19209e-07, -1, -2.98023e-08, 1, -1.19209e-07, -0.00246078, 0.15139, 0.00252563 )
shape = SubResource( 2 )

[node name="Arm_LR" type="BoneAttachment" parent="Graphics/Armature/Skeleton" index="7"]
transform = Transform( -0.998522, -0.0543442, -6.79123e-07, 0.0332622, -0.611173, 0.790798, -0.0429755, 0.78963, 0.612077, -0.456291, 1.21653, 0.0543261 )
bone_name = "lower_armr"

[node name="Hitbox" parent="Graphics/Armature/Skeleton/Arm_LR" instance=ExtResource( 3 )]

[node name="CollisionShape" type="CollisionShape" parent="Graphics/Armature/Skeleton/Arm_LR/Hitbox"]
transform = Transform( 1, 0, -2.98023e-08, -1.49012e-08, -1.19209e-07, -1, -2.98023e-08, 1, -1.19209e-07, -0.00246078, 0.15139, 0.00252563 )
shape = SubResource( 2 )

[node name="CollisionShape2" type="CollisionShape" parent="Graphics/Armature/Skeleton/Arm_LR/Hitbox"]
transform = Transform( 0.797717, 0.411961, 0.44038, 0.36651, 0.248701, -0.896559, -0.478871, 0.876605, 0.0474054, -0.0512874, 0.513147, -0.0225362 )
shape = SubResource( 3 )

[node name="CollisionShape4" type="CollisionShape" parent="Graphics/Armature/Skeleton/Arm_LR/Hitbox"]
transform = Transform( 0.790076, 0.428462, 0.438405, 0.506908, -0.0544908, -0.860275, -0.344707, 0.901915, -0.260243, -0.0572528, 0.457075, 0.100945 )
shape = SubResource( 3 )

[node name="CollisionShape3" type="CollisionShape" parent="Graphics/Armature/Skeleton/Arm_LR/Hitbox"]
transform = Transform( 0.952988, 0.083156, 0.291371, 0.202399, 0.540916, -0.81636, -0.225493, 0.836956, 0.498656, -0.0287058, 0.425284, -0.149687 )
shape = SubResource( 3 )

[node name="Arm_LL" type="BoneAttachment" parent="Graphics/Armature/Skeleton" index="8"]
transform = Transform( -0.998522, 0.0543442, 6.6465e-07, -0.0332621, -0.611173, 0.790798, 0.0429756, 0.78963, 0.612077, 0.456291, 1.21653, 0.054326 )
bone_name = "lower_arml"

[node name="Hitbox" parent="Graphics/Armature/Skeleton/Arm_LL" instance=ExtResource( 3 )]

[node name="CollisionShape" type="CollisionShape" parent="Graphics/Armature/Skeleton/Arm_LL/Hitbox"]
transform = Transform( 1, 0, -2.98023e-08, -1.49012e-08, -1.19209e-07, -1, -2.98023e-08, 1, -1.19209e-07, -0.00246078, 0.15139, 0.00252563 )
shape = SubResource( 2 )

[node name="CollisionShape2" type="CollisionShape" parent="Graphics/Armature/Skeleton/Arm_LL/Hitbox"]
transform = Transform( 0.474665, 0.831411, -0.288868, -0.273704, -0.172495, -0.946219, -0.836526, 0.528202, 0.145683, 0.0376387, 0.581203, -0.0069803 )
shape = SubResource( 3 )

[node name="CollisionShape4" type="CollisionShape" parent="Graphics/Armature/Skeleton/Arm_LL/Hitbox"]
transform = Transform( 0.668715, 0.6535, -0.354621, -0.0960733, -0.397005, -0.912773, -0.737283, 0.644457, -0.202701, 0.0592703, 0.54575, 0.100613 )
shape = SubResource( 3 )

[node name="CollisionShape3" type="CollisionShape" parent="Graphics/Armature/Skeleton/Arm_LL/Hitbox"]
transform = Transform( 0.59978, 0.748751, -0.282191, -0.613356, 0.203733, -0.763075, -0.513864, 0.630763, 0.581447, 0.0488383, 0.552328, -0.160855 )
shape = SubResource( 3 )

[node name="Hip" type="BoneAttachment" parent="Graphics/Armature/Skeleton" index="9"]
transform = Transform( 1, 0, 0, 0, 1, 0, 0, 0, 1, 0, 0.915201, 0 )
bone_name = "hip"

[node name="Hitbox" parent="Graphics/Armature/Skeleton/Hip" instance=ExtResource( 3 )]

[node name="CollisionShape" type="CollisionShape" parent="Graphics/Armature/Skeleton/Hip/Hitbox"]
transform = Transform( 1, 0, -2.98023e-08, -1.49012e-08, -1.19209e-07, -1, -2.98023e-08, 1, -1.19209e-07, 0.00387031, 0.167349, -0.00803507 )
shape = SubResource( 4 )

[node name="Body" type="BoneAttachment" parent="Graphics/Armature/Skeleton" index="10"]
transform = Transform( 1, 0, 2.38418e-07, -8.6824e-08, 0.931334, 0.364166, -2.22047e-07, -0.364166, 0.931334, 0, 1.13977, 0 )
bone_name = "body"

[node name="Hitbox" parent="Graphics/Armature/Skeleton/Body" instance=ExtResource( 3 )]

[node name="CollisionShape" type="CollisionShape" parent="Graphics/Armature/Skeleton/Body/Hitbox"]
transform = Transform( 1, -2.33805e-08, 3.07948e-08, 4.58865e-08, -0.243175, -0.969984, 4.88268e-09, 0.969984, -0.243175, 0.0325047, 0.361528, 0.0439343 )
shape = SubResource( 5 )

[node name="Hitbox2" parent="Graphics/Armature/Skeleton/Body" instance=ExtResource( 3 )]
transform = Transform( 1, -1.25001e-07, -4.65663e-09, 1.25001e-07, 1, -2.98023e-08, 4.65661e-09, 2.98023e-08, 1, 0, 0, 0 )
weak_spot = true

[node name="CollisionShape" type="CollisionShape" parent="Graphics/Armature/Skeleton/Body/Hitbox2"]
transform = Transform( 1, -2.33805e-08, 3.07948e-08, 4.58865e-08, -0.243176, -0.969984, 4.88268e-09, 0.969984, -0.243175, 0.00770375, 0.489373, 0.324426 )
shape = SubResource( 6 )

[node name="HealthManager" parent="." instance=ExtResource( 4 )]
transform = Transform( 1, 0, 0, 0, 1, 0, 0, 0, 1, 0, 1.15116, 0 )
max_health = 20

[node name="CharacterMover" parent="." instance=ExtResource( 5 )]
max_speed = 10
ignore_rotation = true

[node name="AimAtObject" type="Spatial" parent="."]
transform = Transform( 1, 0, 0, 0, 1, 0, 0, 0, 1, 0.000452995, 0.99149, -1.7643e-05 )
script = ExtResource( 7 )

[node name="DamageArea" parent="AimAtObject" instance=ExtResource( 6 )]
transform = Transform( 2.00896, 0, 0, 0, 1.57324, 0, 0, 0, 1.27696, 0, 0, 0.631402 )

[editable path="Graphics"]
